150
0 37 7
0 73 3
0 148 3
0 4 2
0 40 5
0 7 9
0 128 4
0 105 8
0 82 2
0 49 2
0 52 4
0 42 10
0 127 9
0 19 3
0 117 1
0 94 7
0 130 6
0 107 5
0 84 5
0 87 9
0 18 9
0 54 10
0 31 1
0 8 7
0 142 3
0 132 8
0 86 4
0 99 4
0 66 4
0 20 1
0 10 7
0 144 10
0 98 7
0 65 1
0 32 4
0 120 8
0 110 4
0 123 10
0 113 10
0 90 7
0 44 5
0 34 2
0 11 7
0 145 2
0 1 4
0 112 9
0 125 10
0 102 10
0 92 4
0 46 10
0 36 4
0 134 6
0 124 7
0 137 2
0 58 3
0 48 5
0 61 2
0 146 10
0 38 6
0 15 1
0 149 10
1 67 6
1 80 2
1 57 5
1 34 2
1 47 9
1 145 9
1 37 5
1 135 10
1 112 4
1 148 9
1 92 1
1 69 8
1 49 7
1 147 10
1 3 8
1 39 7
1 6 5
1 94 6
1 71 5
1 38 10
1 15 1
1 149 10
1 126 2
1 93 10
1 129 3
1 50 2
1 63 5
1 17 7
1 30 4
1 7 1
1 105 6
1 108 8
1 85 4
1 62 8
1 117 7
1 107 9
1 97 1
1 110 2
1 64 6
1 142 9
1 11 2
1 109 1
1 86 2
1 122 6
1 89 6
1 43 2
1 56 3
1 33 8
1 131 8
1 23 2
1 111 8
1 58 2
1 143 8
1 146 2
1 2 4
1 123 9
2 148 2
2 17 1
2 138 1
2 128 10
2 85 10
2 39 4
2 75 9
2 6 8
2 84 5
2 120 1
2 51 4
2 87 5
2 41 1
2 31 5
2 129 6
2 21 9
2 99 6
2 53 9
2 56 2
2 108 5
2 111 1
2 143 3
2 133 5
2 100 7
2 77 3
2 113 1
2 90 7
2 44 7
2 80 6
2 34 5
2 47 2
2 24 8
2 145 4
2 122 7
2 135 6
2 89 5
2 102 3
2 92 4
2 69 5
2 46 7
2 82 9
2 59 8
2 36 4
2 13 6
2 49 8
2 26 5
2 147 9
2 114 10
2 91 3
2 104 8
2 81 8
2 25 9
2 61 3
2 15 8
2 149 8
2 103 6
2 93 2
2 60 8
2 73 10
3 28 8
3 126 4
3 93 10
3 70 9
3 73 6
3 148 4
3 40 3
3 17 4
3 115 3
3 118 10
3 72 5
3 108 10
3 85 6
3 62 10
3 52 10
3 74 2
3 41 8
3 54 7
3 31 7
3 8 8
3 44 3
3 21 9
3 119 1
3 96 1
3 132 6
3 109 6
3 53 7
3 89 3
3 66 6
3 131 10
3 23 9
3 121 10
3 98 10
3 111 4
3 45 6
3 35 9
3 12 10
3 133 3
3 25 2
3 123 2
3 100 10
3 77 2
3 80 8
3 34 10
3 47 10
3 24 6
3 145 10
3 112 8
3 4 9
3 102 5
3 92 8
3 69 8
3 82 4
3 13 5
3 137 10
3 127 9
3 104 5
3 81 1
3 58 1
3 94 1
3 48 10
4 109 2
4 63 9
4 53 10
4 66 1
4 10 2
4 121 1
4 98 7
4 75 8
4 42 6
4 55 5
4 45 2
4 12 6
4 77 2
4 67 5
4 57 6
4 34 7
4 47 7
4 145 3
4 135 9
4 112 2
4 125 10
4 69 9
4 23 8
4 36 3
4 134 6
4 101 10
4 81 8
4 58 2
4 146 7
4 28 4
4 113 10
4 126 9
4 103 8
4 73 5
4 27 10
4 148 2
4 40 2
4 17 3
4 138 5
4 7 1
4 105 9
4 72 3
4 85 6
4 117 2
4 130 10
4 97 7
4 74 7
4 51 2
4 64 7
4 41 4
4 139 5
4 8 5
4 129 3
4 21 9
5 60 5
5 17 1
5 7 3
5 118 10
5 62 7
5 42 3
5 130 5
5 107 1
5 8 10
5 142 9
5 119 3
5 11 4
5 132 5
5 122 5
5 89 8
5 66 4
5 20 1
5 33 5
5 23 6
5 13 5
5 111 2
5 88 4
5 55 4
5 45 4
5 12 6
5 100 7
5 67 6
5 103 6
5 70 2
5 24 2
5 125 3
5 79 4
5 46 1
5 82 8
5 147 5
5 16 3
5 137 10
5 127 9
5 104 3
5 38 10
5 28 2
5 126 5
5 139 4
5 116 7
6 51 5
6 28 8
6 126 5
6 93 4
6 129 4
6 83 2
6 96 3
6 50 7
6 27 10
6 17 3
6 20 8
6 85 5
6 42 3
6 140 1
6 117 8
6 97 8
6 74 5
6 87 1
6 41 9
6 31 9
6 44 2
6 142 3
6 11 10
6 109 4
6 99 3
6 53 10
6 89 9
6 43 1
6 121 2
6 13 10
6 98 4
6 111 7
6 88 4
6 45 1
6 22 10
6 58 10
6 12 2
6 25 4
6 146 10
6 123 6
6 100 9
6 103 10
6 80 1
6 57 5
6 47 8
6 24 6
6 148 9
6 125 10
6 79 4
6 115 6
6 69 1
6 82 6
6 59 3
6 26 7
6 147 9
6 39 10
7 129 8
7 142 10
7 96 7
7 132 4
7 109 5
7 76 3
7 66 9
7 20 8
7 23 7
7 121 1
7 98 6
7 111 2
7 88 3
7 65 6
7 101 3
7 78 2
7 55 9
7 32 9
7 22 7
7 143 5
7 12 2
7 133 5
7 110 2
7 146 1
7 80 3
7 57 4
7 34 3
7 47 6
7 145 8
7 37 6
7 122 2
7 135 3
7 89 5
7 125 6
7 79 10
7 46 2
7 147 2
7 124 9
7 16 1
7 104 4
7 81 7
7 58 2
7 71 4
7 38 4
7 136 7
7 8 10
7 116 6
7 93 9
7 83 4
7 128 9
7 62 1
7 39 4
7 42 8
7 19 8
7 117 10
7 84 3
7 74 7
7 51 8
7 64 9
7 41 2
7 18 9
7 31 1
8 107 10
8 84 8
8 120 6
8 74 3
8 51 4
8 87 6
8 64 9
8 54 3
8 44 4
8 21 4
8 11 3
8 132 2
8 86 10
8 99 2
8 76 4
8 53 10
8 89 8
8 66 1
8 20 5
8 141 1
8 33 8
8 98 10
8 32 9
8 68 5
8 35 5
8 12 8
8 110 5
8 146 5
8 77 9
8 80 9
8 122 8
8 69 1
8 36 1
8 124 1
8 91 4
8 104 7
8 81 2
8 71 6
8 48 4
8 25 8
8 28 9
8 149 6
8 126 9
8 93 6
8 70 4
8 83 5
8 73 9
8 50 5
8 138 3
8 30 1
8 115 10
8 118 9
8 85 5
8 29 4
8 42 10
8 117 7
9 90 5
9 80 6
9 34 8
9 11 6
9 24 9
9 122 5
9 89 8
9 46 1
9 23 8
9 59 3
9 26 2
9 114 3
9 58 3
9 61 10
9 38 5
9 28 8
9 113 2
9 103 6
9 116 5
9 83 3
9 73 6
9 27 3
9 148 2
9 138 3
9 128 10
9 82 1
9 49 6
9 62 3
9 52 4
9 19 5
9 140 5
9 94 9
9 107 8
9 74 7
9 18 1
9 106 1
9 119 4
9 76 8
9 141 2
9 10 3
9 131 9
9 98 7
9 88 3
9 55 10
9 143 6
9 120 10
9 123 8
10 54 3
10 44 3
10 142 2
10 132 9
10 122 7
10 66 6
10 20 1
10 111 9
10 78 3
10 45 5
10 58 9
10 143 3
10 12 5
10 133 1
10 123 8
10 113 7
10 90 5
10 67 5
10 80 3
10 57 4
10 24 2
10 135 10
10 125 8
10 115 10
10 92 3
10 59 9
10 36 3
10 147 2
10 124 3
10 137 9
10 127 10
10 104 8
10 94 10
10 48 9
10 38 10
10 51 1
10 136 10
10 149 3
10 18 7
10 139 6
10 106 3
10 60 3
10 73 3
10 27 8
10 63 1
10 40 7
10 138 1
10 30 2
10 105 1
10 141 5
10 95 4
10 85 5
10 75 8
10 52 9
10 42 7
10 32 8
10 107 5
10 87 2
10 64 5
10 41 1
10 77 8
11 14 6
11 135 8
11 112 7
11 89 7
11 56 2
11 69 10
11 13 7
11 49 10
11 134 7
11 26 10
11 16 7
11 137 10
11 81 7
11 58 4
11 71 1
11 48 7
11 146 1
11 38 8
11 15 7
11 149 7
11 103 8
11 139 7
11 70 10
11 83 2
11 60 6
11 27 7
11 148 4
11 17 2
11 30 5
11 115 4
11 128 5
11 95 7
11 72 3
11 62 6
11 39 2
11 29 3
11 127 4
11 84 6
11 87 10
11 41 3
11 54 5
11 31 3
11 129 4
11 21 3
11 142 4
11 63 3
11 76 9
11 43 2
11 108 1
11 144 4
11 78 7
11 55 1
11 32 3
11 68 3
11 45 2
11 35 9
11 12 1
11 123 9
11 77 4
11 113 10
11 90 2
11 44 1
11 80 1
11 47 8
11 122 4
12 100 6
12 113 1
12 67 1
12 44 3
12 47 1
12 145 1
12 14 3
12 135 2
12 112 7
12 79 1
12 92 5
12 59 4
12 147 1
12 61 10
12 38 4
12 136 2
12 126 3
12 116 4
12 73 7
12 27 2
12 17 8
12 30 6
12 105 9
12 39 3
12 29 2
12 140 9
12 130 7
12 120 2
12 74 9
12 18 1
12 54 5
12 21 10
12 142 5
12 119 6
12 132 6
12 86 7
12 43 6
12 20 6
12 144 3
12 98 2
12 101 1
12 45 8
12 35 2
12 133 7
13 88 7
13 32 6
13 45 5
13 35 9
13 133 1
13 123 8
13 113 6
13 90 2
13 47 6
13 37 9
13 135 5
13 112 5
13 102 6
13 92 2
13 46 1
13 26 3
13 114 9
13 104 7
13 38 4
13 136 4
13 149 6
13 126 5
13 103 3
13 139 4
13 116 9
13 60 2
13 50 2
13 27 4
13 30 3
13 118 4
13 95 3
13 72 8
13 108 10
13 85 2
13 62 4
13 39 4
13 75 8
13 29 2
13 42 6
13 140 4
13 117 5
13 107 4
13 97 2
13 74 1
13 41 4
13 21 3
13 142 1
13 96 4
13 132 4
13 109 5
13 86 10
13 53 2
13 66 8
13 56 9
13 98 4
13 111 3
14 24 3
14 37 3
14 135 5
14 112 7
14 92 3
14 69 7
14 46 2
14 82 8
14 49 9
14 147 2
14 137 8
14 127 1
14 104 6
14 81 1
14 61 6
14 15 2
14 136 9
14 149 7
14 126 2
14 18 5
14 103 5
14 139 1
14 116 4
14 93 6
14 106 5
14 63 1
14 148 8
14 40 9
14 17 6
14 138 7
14 128 2
14 72 1
14 108 9
14 85 6
14 62 10
14 52 5
14 32 9
14 117 4
14 130 2
14 107 1
14 64 7
14 77 7
14 129 4
14 119 1
14 132 6
14 86 5
14 89 1
14 131 5
14 144 5
14 111 6
14 88 5
14 55 2
14 68 2
14 45 2
14 143 3
14 25 7
14 123 1
14 113 4
14 90 1
14 67 5
14 80 1
14 34 1
14 70 7
14 47 8
15 25 6
15 146 2
15 90 7
15 67 5
15 57 3
15 70 4
15 145 8
15 102 4
15 115 9
15 92 8
15 46 3
15 147 1
15 16 2
15 137 3
15 91 4
15 48 7
15 38 5
15 93 6
15 106 10
15 83 5
15 60 1
15 96 8
15 50 8
15 63 1
15 17 7
15 138 2
15 128 10
15 141 1
15 85 1
15 42 10
15 19 2
15 32 2
15 117 4
15 84 5
15 74 10
15 64 7
15 31 6
15 142 6
15 53 8
15 89 6
15 43 9
15 144 6
15 134 10
15 111 6
15 88 10
15 45 10
15 35 5
16 93 7
16 60 3
16 37 4
16 148 1
16 138 6
16 128 3
16 75 2
16 29 1
16 127 4
16 120 7
16 87 2
16 54 3
16 31 7
16 21 1
16 132 8
16 109 1
16 43 6
16 20 4
16 141 10
16 23 9
16 98 9
16 45 6
16 110 10
16 123 6
16 90 6
16 44 4
16 80 5
16 24 2
16 122 8
16 135 5
16 112 6
16 89 5
16 92 1
16 59 8
16 36 2
16 49 6
16 137 8
16 114 7
16 81 7
16 25 8
16 146 1
16 28 5
16 103 8
16 116 2
17 71 4
17 61 3
17 136 8
17 126 2
17 139 2
17 93 3
17 106 2
17 148 2
17 30 5
17 85 6
17 52 8
17 42 8
17 107 4
17 97 8
17 74 8
17 64 8
17 18 7
17 54 5
17 129 10
17 119 4
17 132 3
17 76 2
17 33 6
17 23 6
17 121 4
17 111 3
17 88 8
17 65 9
17 101 8
17 78 7
17 55 6
17 68 1
17 110 8
17 146 6
17 77 3
17 67 8
17 44 6
17 57 2
17 34 7
17 47 3
17 145 10
17 135 2
17 89 1
17 102 9
17 79 10
17 92 5
17 82 4
17 114 4
17 127 8
17 81 7
18 30 5
18 118 3
18 72 9
18 19 4
18 107 2
18 84 7
18 21 6
18 132 3
18 86 1
18 99 8
18 76 7
18 66 1
18 141 1
18 33 5
18 131 4
18 121 4
18 98 3
18 111 3
18 88 9
18 32 2
18 77 5
18 90 10
18 67 10
18 57 10
18 34 2
18 122 4
18 125 3
18 92 5
18 69 3
18 46 3
18 49 1
18 147 9
18 124 10
18 91 1
18 127 5
18 58 3
18 48 4
18 61 6
18 28 6
18 149 6
18 139 4
18 70 1
18 83 9
19 93 7
19 96 8
19 50 10
19 63 4
19 40 1
19 138 3
19 105 7
19 118 10
19 72 5
19 108 8
19 85 3
19 39 9
19 130 10
19 84 5
19 120 2
19 97 6
19 74 3
19 87 7
19 54 10
19 21 8
19 132 1
19 109 2
19 20 3
19 56 3
19 23 10
19 144 3
19 98 1
19 111 4
19 65 5
19 55 1
19 35 3
19 133 8
19 123 4
19 77 9
19 67 5
19 70 2
19 24 6
19 122 5
19 79 8
19 115 8
19 69 1
19 46 3
19 82 8
19 137 8
19 81 6
19 38 3
19 51 3
19 136 5
20 104 10
20 61 2
20 38 10
20 51 6
20 136 4
20 126 5
20 139 6
20 116 9
20 106 10
20 73 1
20 27 1
20 63 1
20 138 2
20 118 6
20 72 7
20 85 4
20 62 9
20 39 10
20 52 1
20 140 6
20 117 2
20 107 2
20 84 2
20 97 2
20 64 5
20 41 9
20 21 5
20 142 8
20 122 9
20 53 1
20 89 8
20 33 5
20 144 3
20 121 10
20 134 1
20 111 4
20 101 4
20 55 5
20 68 2
20 22 10
20 58 1
20 143 5
20 110 4
20 145 5
20 37 10
20 135 6
20 148 6
20 36 2
20 124 4
20 137 1
20 127 8
21 96 7
21 109 2
21 53 9
21 144 4
21 121 8
21 98 5
21 55 1
21 45 7
21 22 2
21 143 2
21 133 1
21 110 3
21 44 2
21 80 5
21 57 1
21 34 8
21 47 5
21 135 2
21 112 7
21 89 3
21 125 2
21 79 2
21 69 3
21 46 3
21 59 2
21 36 8
21 49 4
21 134 3
21 114 9
21 104 9
21 146 4
21 126 7
21 103 7
21 139 8
21 116 8
21 70 4
21 106 4
21 37 4
21 138 10
21 128 9
21 105 8
21 72 10
21 62 10
21 75 9
21 29 4
21 42 7
21 127 7
21 140 4
21 117 7
22 116 9
22 106 5
22 83 8
22 73 9
22 50 7
22 63 2
22 30 10
22 128 1
22 105 1
22 29 8
22 42 5
22 107 2
22 143 10
22 74 9
22 77 5
22 54 1
22 44 10
22 119 6
22 76 6
22 66 2
22 56 5
22 33 6
22 144 8
22 111 5
22 101 6
22 78 9
22 68 7
22 35 3
22 25 3
22 123 1
22 67 8
22 80 8
22 145 1
22 37 7
22 125 10
22 79 9
22 115 4
22 92 1
22 59 9
22 36 8
22 49 3
22 147 10
22 124 4
22 137 2
22 127 3
22 81 9
22 84 4
22 38 4
23 66 9
23 131 10
23 144 1
23 121 7
23 111 4
23 101 6
23 78 2
23 35 2
23 146 8
23 123 1
23 77 2
23 113 8
23 80 9
23 122 3
23 135 1
23 102 7
23 69 9
23 46 6
23 59 1
23 49 5
23 26 4
23 147 1
23 137 4
23 114 10
23 91 5
23 127 8
23 104 7
23 58 3
23 94 2
23 71 10
23 25 7
23 149 6
23 126 5
23 103 9
23 116 3
23 73 3
23 50 3
23 148 4
23 115 6
23 118 8
23 85 5
23 39 7
23 75 5
23 42 10
23 117 7
23 107 2
23 84 8
23 74 1
23 44 4
23 129 6
24 64 4
24 44 10
24 129 10
24 142 10
24 76 7
24 89 9
24 56 1
24 33 7
24 131 3
24 134 8
24 88 5
24 65 2
24 101 5
24 78 8
24 55 4
24 68 6
24 45 1
24 133 5
24 113 8
24 90 5
24 57 10
24 145 8
24 37 2
24 122 9
24 112 3
24 115 10
24 92 9
24 69 10
24 59 2
24 147 6
24 114 8
24 91 9
24 58 1
24 94 9
24 71 2
24 38 6
24 51 10
24 139 8
24 106 3
24 83 1
24 27 6
24 63 6
24 40 2
24 30 1
24 105 2
24 141 4
24 72 1
24 108 4
24 39 9
24 75 2
24 52 10
24 42 4
24 84 1
25 47 10
25 145 3
25 122 6
25 89 8
25 102 6
25 92 3
25 36 5
25 124 3
25 137 3
25 114 3
25 91 7
25 68 4
25 104 3
25 81 1
25 71 9
25 146 10
25 116 3
25 93 9
25 70 4
25 60 2
25 128 5
25 82 6
25 72 1
25 39 1
25 52 9
25 117 10
25 130 6
25 51 7
25 87 2
25 31 8
25 142 4
25 119 5
25 43 6
25 33 3
25 75 2
25 88 8
25 78 4
25 45 5
25 143 9
25 120 7
25 133 1
25 100 9
25 90 3
25 80 8
25 57 1
26 89 4
26 43 9
26 131 5
26 144 1
26 121 1
26 134 7
26 78 4
26 123 5
26 100 8
26 113 6
26 103 5
26 112 7
26 125 1
26 102 10
26 79 10
26 115 9
26 69 5
26 49 2
26 71 9
26 38 4
26 136 9
26 149 7
26 139 10
26 93 2
26 106 7
26 60 2
26 73 5
26 63 5
26 138 10
26 141 1
26 118 3
26 95 2
26 42 9
26 32 5
26 117 3
26 64 7
27 107 8
27 120 8
27 64 2
27 77 9
27 142 3
27 119 1
27 109 7
27 99 6
27 89 7
27 66 1
27 56 7
27 46 9
27 131 1
27 144 1
27 111 4
27 88 6
27 78 9
27 55 3
27 68 2
27 45 3
27 123 2
27 113 6
27 103 7
27 57 7
27 70 9
27 37 10
27 135 3
27 148 2
27 102 1
27 69 1
27 82 9
27 59 8
27 72 5
27 49 10
27 127 10
27 81 6
27 48 3
27 61 4
27 38 9
27 28 10
27 149 5
27 126 3
27 129 3
27 83 8
27 50 10
27 63 10
27 40 2
27 128 8
27 141 8
27 75 3
27 29 8
27 140 3
27 130 10
28 67 10
28 80 1
28 47 5
28 37 2
28 122 7
28 135 1
28 125 5
28 102 2
28 79 7
28 92 4
28 46 6
28 82 10
28 59 9
28 147 1
28 124 5
28 137 5
28 114 3
28 91 10
28 127 1
28 58 8
28 71 7
28 48 6
28 61 8
28 149 9
28 126 5
28 103 2
28 139 9
28 116 9
28 60 6
28 63 9
28 138 8
28 30 3
28 115 9
28 128 7
28 85 9
28 52 7
28 42 7
28 140 5
28 97 3
28 87 9
28 54 6
28 44 10
28 129 4
28 119 7
28 96 8
28 109 2
28 86 10
28 99 3
28 33 6
28 134 8
28 65 9
28 143 7
29 68 2
29 123 6
29 100 5
29 90 10
29 70 9
29 47 7
29 122 9
29 125 4
29 79 3
29 69 10
29 49 9
29 147 1
29 137 8
29 114 7
29 127 9
29 61 2
29 116 3
29 83 8
29 63 5
29 138 4
29 108 8
29 130 7
29 107 10
29 84 6
29 97 6
29 64 8
29 41 4
29 54 1
29 44 6
29 142 10
29 119 8
29 132 10
29 109 4
29 53 1
29 66 7
29 131 3
29 111 6
29 65 6
29 101 8
29 55 3
30 79 6
30 92 8
30 69 7
30 49 8
30 147 1
30 114 3
30 81 6
30 94 4
30 38 3
30 149 3
30 106 6
30 60 2
30 96 3
30 108 10
30 85 3
30 52 3
30 42 7
30 107 4
30 74 10
30 41 5
30 54 8
30 44 4
30 129 8
30 119 7
30 132 10
30 122 3
30 76 5
30 66 8
30 43 1
30 134 9
30 88 5
30 78 3
30 55 5
30 143 10
30 35 10
30 146 7
30 123 2
30 100 6
30 113 9
30 90 6
30 135 9
31 103 4
31 34 7
31 70 3
31 145 9
31 37 4
31 112 10
31 115 5
31 92 9
31 46 9
31 147 1
31 124 9
31 114 4
31 104 1
31 61 10
31 38 7
31 51 9
31 136 6
31 149 9
31 126 8
31 116 3
31 129 3
31 96 6
31 63 4
31 138 10
31 128 2
31 62 8
31 75 5
31 52 1
31 42 2
31 140 10
31 32 6
31 74 7
31 87 8
31 64 7
31 41 3
31 77 5
31 119 7
31 132 10
31 109 10
31 86 3
31 76 5
31 89 8
31 56 1
31 131 7
31 134 6
31 88 10
31 101 4
31 78 4
31 58 3
31 133 6
32 78 7
32 68 8
32 45 7
32 143 7
32 35 10
32 100 1
32 136 8
32 113 4
32 90 1
32 80 10
32 37 4
32 92 7
32 82 5
32 36 2
32 124 9
32 137 8
32 114 3
32 127 6
32 117 8
32 94 7
32 38 5
32 149 3
32 116 8
32 129 6
32 96 7
32 73 2
32 50 10
32 63 9
32 138 1
32 105 5
32 85 10
32 62 9
32 130 5
32 120 2
32 97 1
32 74 7
32 64 3
32 41 8
32 54 2
32 53 9
32 43 6
32 46 2
32 144 2
32 134 1
32 88 8
33 38 6
33 136 8
33 103 3
33 116 4
33 106 1
33 63 1
33 148 10
33 40 6
33 115 5
33 128 3
33 118 5
33 108 7
33 42 10
33 130 6
33 107 4
33 41 5
33 54 4
33 44 1
33 119 7
33 96 6
33 132 2
33 99 6
33 53 3
33 43 8
33 141 4
33 111 2
33 101 5
33 45 3
33 143 1
33 35 8
33 133 9
33 123 7
33 77 3
33 90 7
33 57 5
33 47 3
33 135 4
33 112 3
33 125 9
33 79 4
33 92 9
33 36 8
33 49 5
33 147 9
33 124 2
33 114 8
33 91 7
33 81 3
33 58 9
33 71 6
34 91 4
34 81 8
34 58 8
34 48 7
34 126 8
34 93 8
34 106 1
34 50 1
34 148 7
34 128 4
34 105 4
34 118 2
34 72 5
34 85 7
34 62 7
34 75 2
34 140 7
34 117 1
34 76 5
34 89 9
34 131 3
34 144 8
34 98 7
34 111 4
34 68 1
34 45 6
34 35 3
34 146 3
34 123 2
34 100 5
34 77 4
34 80 2
34 37 9
34 135 2
34 102 1
34 115 10
34 92 5
34 69 7
35 83 6
35 60 4
35 50 2
35 63 6
35 138 5
35 128 7
35 62 4
35 42 6
35 117 1
35 130 5
35 74 4
35 44 1
35 132 9
35 86 2
35 89 6
35 144 8
35 121 8
35 134 7
35 88 1
35 65 10
35 101 2
35 55 9
35 68 3
35 110 5
35 123 7
35 100 10
35 112 10
35 125 4
35 115 3
35 69 10
35 46 9
35 59 1
35 36 7
35 49 2
35 147 8
35 124 8
35 137 6
35 114 5
35 104 9
35 94 4
35 48 8
35 51 8
35 126 3
35 93 9
36 48 7
36 93 1
36 129 2
36 83 3
36 60 8
36 73 10
36 63 5
36 40 4
36 138 9
36 141 2
36 75 7
36 65 10
36 140 3
36 74 9
36 87 8
36 41 9
36 54 6
36 44 4
36 86 10
36 122 8
36 99 9
36 53 8
36 66 10
36 144 3
36 121 3
36 134 10
36 111 3
36 101 6
36 78 2
36 45 2
36 58 1
36 143 7
36 133 3
36 123 10
36 100 7
36 80 1
36 57 5
36 47 4
36 145 4
36 37 8
36 135 7
36 112 1
36 102 8
36 79 3
36 92 2
36 46 10
36 59 6
36 114 3
36 91 9
36 104 10
37 132 1
37 76 10
37 56 9
37 141 9
37 108 6
37 121 6
37 68 7
37 45 5
37 143 9
37 146 10
37 123 5
37 80 1
37 145 8
37 112 4
37 125 5
37 92 2
37 134 7
37 147 4
37 114 7
37 94 5
37 48 5
37 136 3
37 149 3
37 103 10
37 116 4
37 93 4
37 70 1
37 73 6
37 148 5
37 40 1
37 128 2
37 105 1
37 62 5
37 42 2
37 84 6
37 51 9
37 87 2
37 64 10
37 41 5
37 54 6
38 130 10
38 107 3
38 84 4
38 97 3
38 74 10
38 51 2
38 64 7
38 41 3
38 54 4
38 132 3
38 99 7
38 53 7
38 131 6
38 111 5
38 65 7
38 78 2
38 45 10
38 143 2
38 146 5
38 123 9
38 100 6
38 67 1
38 44 2
38 80 9
38 57 3
38 47 2
38 135 2
38 112 8
38 79 7
38 82 1
38 147 9
38 124 3
38 91 10
38 104 10
38 71 2
38 149 9
38 60 9
38 50 9
38 85 7
38 39 3
38 42 6
39 81 9
39 149 2
39 126 10
39 139 4
39 116 7
39 93 5
39 106 2
39 83 3
39 73 2
39 40 7
39 138 1
39 141 8
39 118 9
39 95 9
39 52 4
39 65 7
39 130 6
39 107 10
39 120 4
39 97 8
39 54 8
39 44 8
39 119 6
39 76 8
39 112 7
39 66 2
39 43 3
39 79 4
39 46 10
39 134 9
39 111 1
39 88 2
39 124 5
39 101 4
39 58 1
39 136 5
39 113 8
39 70 8
39 47 6
39 60 2
39 135 7
39 125 2
39 102 8
39 115 4
39 92 10
39 59 3
39 104 10
40 41 8
40 77 8
40 132 4
40 109 4
40 122 8
40 53 2
40 89 9
40 66 9
40 98 1
40 134 7
40 111 10
40 101 5
40 78 5
40 55 5
40 68 10
40 113 8
40 90 3
40 103 2
40 70 7
40 79 1
40 69 5
40 59 8
40 49 4
40 137 3
40 81 2
40 48 8
40 61 4
40 149 10
40 126 10
40 116 4
40 60 9
40 105 5
40 141 7
40 118 9
40 72 6
40 85 5
40 62 9
40 117 10
40 130 10
40 107 10
40 84 9
40 120 7
40 64 1
41 107 7
41 120 10
41 87 5
41 64 6
41 77 7
41 44 7
41 132 7
41 99 8
41 76 7
41 53 3
41 89 7
41 144 9
41 98 8
41 78 10
41 55 4
41 143 9
41 90 3
41 70 6
41 47 7
41 148 6
41 102 7
41 79 3
41 115 2
41 46 4
41 147 9
41 104 4
41 81 4
41 84 9
41 61 1
41 136 9
41 149 1
41 139 3
41 93 2
41 106 1
41 83 1
41 60 1
41 128 9
41 105 3
41 141 6
41 118 3
41 108 7
41 85 1
41 62 2
41 65 9
42 77 8
42 44 4
42 80 1
42 145 5
42 122 8
42 135 6
42 125 7
42 102 10
42 69 4
42 49 10
42 134 8
42 104 5
42 81 4
42 58 1
42 94 5
42 48 5
42 136 6
42 149 9
42 126 6
42 139 9
42 83 8
42 50 3
42 115 7
42 128 4
42 82 5
42 95 10
42 72 6
42 62 1
42 75 4
42 127 8
42 130 4
42 107 6
42 97 8
42 74 10
42 54 7
42 129 6
42 96 2
42 109 4
42 63 9
42 53 6
42 56 4
42 65 1
42 78 3
42 55 9
42 133 4
43 87 10
43 77 5
43 44 10
43 119 4
43 132 1
43 109 2
43 122 5
43 99 9
43 89 4
43 79 9
43 56 10
43 88 10
43 45 8
43 58 3
43 146 1
43 136 7
43 90 3
43 67 3
43 47 1
43 135 5
43 125 9
43 82 9
43 72 6
43 137 7
43 127 1
43 104 1
43 81 7
43 48 2
43 84 1
43 116 6
43 93 1
43 60 9
43 50 4
43 138 7
43 118 1
43 95 2
43 108 4
43 62 9
43 140 8
43 130 8
43 107 7
43 143 8
43 97 6
44 145 8
44 122 4
44 135 7
44 125 5
44 102 3
44 79 2
44 69 8
44 59 7
44 49 10
44 104 6
44 71 2
44 48 1
44 51 5
44 136 6
44 126 3
44 106 5
44 83 7
44 73 8
44 50 3
44 63 4
44 138 8
44 128 7
44 105 7
44 141 5
44 72 8
44 85 2
44 62 8
44 75 7
44 130 10
44 97 2
44 87 2
44 64 7
44 54 10
44 142 1
44 132 3
44 109 3
44 99 7
44 53 6
44 144 2
44 121 4
44 98 9
44 134 10
44 111 8
44 88 8
44 65 1
44 68 2
44 45 3
44 133 1
44 146 1
44 100 7
44 90 7
44 80 7
44 57 2
45 146 2
45 145 3
45 112 3
45 125 8
45 79 8
45 115 1
45 92 4
45 69 3
45 114 10
45 91 1
45 127 3
45 104 2
45 71 4
45 48 1
45 61 6
45 136 5
45 93 8
45 106 1
45 83 2
45 60 4
45 96 10
45 50 5
45 128 3
45 141 9
45 118 4
45 108 4
45 75 5
45 117 10
45 84 2
45 120 2
45 74 1
45 87 10
45 132 3
45 86 6
45 122 5
45 99 3
45 76 4
45 53 2
45 66 6
45 131 1
45 144 6
45 111 3
45 88 8
45 65 5
45 101 7
45 78 9
45 58 8
46 134 3
46 88 4
46 78 8
46 68 1
46 58 6
46 143 5
46 123 1
46 57 8
46 47 4
46 145 5
46 135 5
46 125 6
46 92 2
46 137 4
46 104 1
46 48 7
46 61 6
46 96 3
46 73 10
46 138 2
46 118 9
46 95 2
46 72 8
46 62 3
46 110 8
46 87 8
46 142 2
46 119 7
46 109 2
46 76 8
46 51 7
46 89 2
46 131 4
47 70 7
47 112 2
47 148 6
47 102 9
47 92 2
47 69 7
47 59 9
47 72 5
47 137 2
47 127 8
47 104 7
47 81 4
47 71 9
47 61 8
47 149 10
47 93 2
47 106 8
47 60 4
47 96 5
47 138 10
47 128 8
47 118 6
47 108 9
47 52 1
47 130 2
47 97 6
47 74 10
47 77 1
47 119 6
47 132 3
47 86 5
47 122 3
47 76 3
47 89 6
47 144 9
47 98 7
47 101 7
47 55 1
47 91 4
47 68 4
47 58 5
47 143 3
47 133 1
47 146 1
47 136 2
47 113 1
47 67 9
48 58 1
48 133 5
48 123 1
48 90 2
48 67 7
48 80 5
48 145 1
48 112 2
48 148 2
48 102 8
48 115 10
48 59 1
48 114 5
48 104 7
48 81 4
48 94 4
48 61 6
48 139 4
48 96 3
48 50 7
48 63 7
48 138 1
48 105 7
48 85 4
48 98 3
48 107 9
48 143 6
48 97 7
48 64 3
48 77 10
48 132 8
48 76 4
48 56 8
48 131 3
48 144 7
48 134 8
48 88 6
48 78 4
48 55 3
49 93 4
49 106 7
49 148 4
49 138 3
49 128 4
49 118 6
49 95 10
49 72 1
49 108 5
49 140 8
49 117 6
49 107 3
49 84 2
49 120 8
49 97 2
49 87 4
49 64 10
49 119 4
49 109 9
49 141 6
49 121 4
49 111 1
49 101 5
49 78 5
49 143 3
49 123 7
49 77 5
49 113 4
49 90 10
49 67 3
49 80 4
49 122 6
49 102 4
49 115 3
49 69 5
49 82 7
49 147 7
49 124 8
49 114 5
49 91 4
49 136 2
50 104 7
50 51 10
50 136 2
50 126 5
50 83 8
50 73 2
50 63 10
50 138 10
50 118 3
50 95 4
50 108 9
50 140 2
50 117 10
50 130 6
50 129 9
50 132 9
50 109 10
50 122 8
50 76 8
50 144 8
50 111 2
50 146 8
50 90 7
50 80 7
50 57 6
50 92 5
50 147 4
51 68 10
51 81 10
51 58 8
51 123 2
51 126 7
51 103 1
51 57 8
51 60 1
51 115 4
51 92 3
51 69 5
51 105 2
51 82 5
51 59 1
51 147 1
51 127 1
51 94 2
51 84 2
51 149 3
51 96 6
51 73 8
51 53 6
51 128 4
51 118 1
51 108 1
51 85 2
51 62 1
51 98 6
51 52 5
51 55 10
51 97 8
51 87 5
51 100 7
51 77 10
51 54 8
51 67 4
51 109 1
51 145 6
51 99 4
51 76 4
51 79 9
51 56 4
51 121 3
51 111 8
51 88 7
51 124 10
52 73 10
52 105 2
52 141 10
52 95 10
52 108 8
52 85 1
52 75 7
52 140 8
52 130 9
52 107 1
52 97 3
52 110 8
52 142 10
52 132 1
52 109 5
52 99 2
52 76 8
52 89 1
52 66 1
52 131 7
52 144 2
52 111 7
52 88 10
52 78 7
52 58 7
52 143 9
52 80 9
52 70 4
52 135 9
52 125 5
52 59 7
52 72 8
52 117 2
52 84 7
53 114 1
53 127 10
53 104 9
53 71 2
53 61 7
53 139 7
53 116 10
53 129 8
53 106 8
53 83 1
53 60 2
53 105 9
53 98 3
53 140 10
53 130 9
53 120 8
53 97 8
53 87 5
53 142 3
53 109 3
53 99 6
53 89 10
53 131 8
53 144 7
53 88 10
53 124 10
53 101 4
53 55 2
53 91 3
53 136 1
53 90 7
53 67 7
53 57 3
53 70 1
53 145 4
53 125 8
53 102 6
53 92 8
53 82 1
53 59 5
54 87 9
54 132 6
54 86 6
54 99 8
54 76 2
54 89 6
54 66 3
54 131 3
54 144 4
54 134 3
54 88 9
54 78 4
54 55 1
54 143 4
54 133 9
54 67 8
54 57 4
54 145 8
54 135 5
54 125 2
54 102 4
54 69 3
54 81 4
54 61 8
54 126 4
54 93 8
54 83 2
54 60 5
54 73 4
54 148 4
54 138 7
54 105 1
54 72 2
54 85 6
54 140 3
54 117 7
54 130 5
54 107 6
54 84 2
54 120 9
55 61 7
55 126 8
55 83 2
55 96 4
55 86 2
55 63 4
55 141 1
55 118 8
55 95 8
55 108 6
55 62 4
55 98 5
55 140 10
55 74 2
55 64 7
55 67 4
55 122 1
55 99 7
55 66 2
55 91 3
55 100 1
55 90 10
55 93 2
55 70 8
55 135 7
55 115 9
55 92 9
55 105 3
55 72 9
55 127 6
55 81 10
56 132 4
56 109 1
56 86 10
56 122 9
56 99 1
56 76 1
56 89 5
56 131 3
56 134 10
56 88 10
56 101 8
56 78 7
56 58 5
56 133 5
56 146 6
56 90 8
56 67 5
56 70 3
56 92 6
56 147 8
56 137 7
56 114 6
56 91 10
56 127 1
56 81 3
56 94 7
56 84 7
56 136 8
56 149 2
56 139 1
56 129 4
56 60 2
56 138 9
56 118 10
56 72 2
56 65 4
56 140 5
56 117 2
56 107 7
56 120 8
56 74 9
57 130 8
57 107 3
57 110 10
57 64 3
57 77 10
57 109 8
57 86 4
57 99 5
57 98 10
57 134 1
57 78 7
57 58 2
57 146 7
57 113 5
57 103 10
57 70 10
57 125 2
57 115 3
57 147 4
57 124 1
57 127 8
57 94 2
57 71 9
57 149 9
57 116 6
57 129 2
57 106 2
57 83 3
57 60 5
57 73 10
57 138 8
57 128 5
57 108 7
57 65 10
57 140 5
58 62 1
58 130 5
58 120 1
58 97 5
58 74 7
58 109 9
58 99 2
58 89 6
58 144 5
58 134 5
58 111 8
58 88 2
58 101 3
58 78 10
58 146 4
58 123 6
58 80 1
58 70 9
58 145 8
58 135 3
58 112 6
58 125 1
58 102 6
58 92 3
58 82 7
58 59 2
58 72 3
58 137 9
58 71 6
58 84 7
58 61 7
58 149 7
58 139 7
58 129 7
58 106 8
58 83 6
58 73 5
58 128 2
58 105 4
58 118 3
59 143 5
59 133 10
59 100 3
59 77 9
59 113 4
59 67 4
59 145 6
59 112 7
59 69 4
59 81 5
59 71 4
59 149 9
59 103 5
59 139 9
59 106 8
59 83 1
59 138 1
59 128 7
59 72 4
59 85 10
59 62 4
59 75 2
59 117 5
59 107 7
59 84 3
59 120 9
59 97 9
59 74 4
59 129 4
59 119 9
59 96 10
59 132 1
59 76 5
59 89 6
59 131 4
59 101 3
60 140 4
60 130 3
60 107 10
60 87 6
60 119 1
60 109 5
60 99 6
60 112 10
60 89 10
60 111 2
60 88 8
60 124 6
60 68 3
60 133 10
60 146 5
60 123 6
60 100 7
60 136 8
60 113 3
60 90 2
60 103 6
60 70 9
60 145 3
60 135 1
60 148 3
60 125 4
60 115 3
60 92 6
60 69 7
60 105 3
60 82 10
60 72 5
60 137 1
60 81 3
60 117 4
60 84 3
60 61 4
60 149 1
60 139 1
60 116 8
60 83 7
60 86 8
60 63 10
60 141 4
61 113 2
61 90 1
61 80 5
61 148 6
61 115 7
61 69 1
61 82 9
61 124 7
61 91 3
61 81 5
61 136 5
61 149 3
61 139 6
61 129 1
61 106 10
61 105 4
61 141 9
61 118 1
61 85 7
61 62 8
61 107 10
61 120 5
61 87 6
61 77 10
61 142 5
61 131 4
61 144 9
61 98 9
61 101 7
61 133 1
62 91 10
62 68 4
62 123 8
62 67 10
62 103 2
62 145 10
62 124 4
62 114 9
62 104 4
62 81 7
62 94 2
62 149 2
62 106 4
62 96 6
62 138 4
62 128 6
62 105 7
62 141 1
62 108 7
62 65 6
62 97 10
62 110 1
62 87 8
62 64 6
62 142 9
62 99 4
62 76 7
62 131 2
62 144 3
62 134 5
62 111 8
63 136 6
63 139 1
63 116 4
63 106 5
63 83 7
63 73 7
63 115 5
63 95 4
63 72 7
63 107 2
63 120 9
63 129 6
63 132 7
63 109 4
63 99 5
63 66 8
63 141 7
63 144 6
63 98 8
63 111 1
63 88 6
63 101 1
63 78 1
63 143 1
63 146 4
63 100 9
63 90 5
63 80 2
63 145 9
63 122 6
63 135 10
63 79 6
63 69 10
63 134 1
63 124 1
63 94 7
63 71 6
64 133 7
64 136 5
64 113 3
64 103 10
64 70 1
64 145 6
64 125 4
64 102 10
64 115 4
64 92 10
64 69 3
64 127 2
64 126 2
64 139 8
64 129 4
64 73 10
64 118 1
64 131 5
64 108 9
64 85 10
64 98 5
64 130 6
64 107 10
64 97 10
64 110 4
64 87 7
64 142 3
64 109 5
64 76 1
64 144 10
64 78 4
65 88 2
65 78 6
65 68 7
65 100 6
65 113 3
65 93 3
65 115 3
65 92 9
65 105 9
65 82 8
65 147 8
65 114 2
65 129 9
65 106 5
65 96 7
65 86 10
65 128 6
65 141 1
65 120 4
65 97 2
65 74 5
65 67 10
65 119 7
65 132 8
65 76 8
65 66 3
65 144 9
65 121 9
66 136 8
66 116 10
66 129 3
66 96 1
66 73 7
66 105 7
66 118 9
66 95 4
66 72 4
66 108 6
66 75 7
66 130 6
66 107 2
66 97 10
66 74 7
66 142 5
66 119 5
66 86 10
66 99 7
66 89 1
66 111 2
66 78 2
66 123 2
66 80 1
66 145 5
66 135 4
66 112 2
66 125 3
66 102 10
66 79 3
66 92 5
66 124 7
66 137 7
66 114 5
66 104 8
66 94 2
67 147 9
67 81 6
67 94 9
67 71 10
67 126 5
67 83 2
67 96 3
67 73 7
67 105 9
67 141 10
67 108 10
67 140 3
67 117 8
67 130 5
67 107 1
67 74 3
67 110 1
67 77 9
67 132 4
67 86 7
67 99 10
67 89 3
67 131 8
67 121 4
67 98 6
67 111 1
67 91 8
67 68 7
67 133 6
67 136 10
67 90 1
67 80 9
67 70 10
67 102 8
67 115 9
68 139 6
68 116 10
68 129 2
68 96 5
68 73 1
68 128 3
68 107 1
68 97 3
68 74 3
68 110 6
68 87 7
68 132 3
68 122 8
68 99 7
68 79 2
68 111 6
68 133 8
68 146 7
68 123 6
68 113 8
68 90 10
68 70 3
68 145 1
68 112 5
68 115 9
68 82 6
68 137 8
68 127 1
68 81 10
68 117 9
68 126 8
69 104 4
69 81 8
69 117 5
69 126 3
69 116 3
69 93 9
69 129 8
69 106 2
69 96 9
69 86 5
69 138 10
69 141 5
69 118 10
69 95 1
69 85 6
69 130 5
69 107 5
69 143 1
69 120 5
69 74 2
69 87 6
69 119 4
69 122 3
69 99 5
69 76 7
69 124 7
69 91 5
69 100 10
69 70 8
69 145 3
69 135 8
69 148 10
69 82 9
69 147 8
69 137 1
69 127 2
70 77 8
70 129 9
70 119 8
70 132 4
70 109 6
70 86 10
70 122 9
70 76 3
70 89 8
70 144 2
70 121 7
70 88 4
70 101 1
70 78 5
70 143 7
70 133 8
70 110 3
70 80 2
70 112 5
70 102 5
70 147 7
70 91 4
70 94 7
70 71 3
70 136 6
70 103 5
70 116 3
70 93 8
70 83 7
70 96 10
70 73 7
70 148 1
70 105 9
70 141 10
70 118 2
70 72 3
70 85 6
70 74 7
71 130 5
71 120 5
71 87 3
71 77 6
71 142 9
71 119 4
71 109 1
71 99 5
71 89 1
71 131 9
71 144 5
71 121 3
71 98 8
71 88 6
71 143 6
71 133 3
71 110 2
71 146 9
71 113 10
71 103 8
71 80 1
71 112 8
71 148 5
71 79 7
71 115 2
71 92 3
71 147 3
71 137 8
71 114 2
71 127 9
71 81 8
71 84 9
71 126 10
71 93 7
71 129 9
71 83 8
71 138 4
72 104 8
72 107 10
72 74 8
72 149 4
72 96 3
72 73 3
72 128 9
72 141 6
72 98 9
72 120 8
72 97 10
72 100 5
72 77 10
72 142 7
72 145 4
72 122 4
72 99 8
72 76 4
72 112 10
72 89 5
72 79 5
72 121 4
72 111 1
72 88 8
72 124 9
72 123 6
72 126 6
72 103 9
72 80 7
72 82 8
72 148 1
72 102 4
72 115 6
72 92 8
73 74 10
73 110 5
73 77 6
73 119 3
73 132 7
73 122 5
73 134 7
73 111 1
73 88 4
73 146 7
73 136 2
73 90 4
73 112 4
73 102 4
73 84 9
73 149 3
73 126 5
73 93 1
73 83 6
73 96 8
73 105 2
73 130 6
74 140 4
74 130 4
74 143 1
74 120 3
74 132 9
74 109 7
74 86 10
74 122 10
74 99 10
74 76 2
74 144 4
74 124 4
74 91 4
74 146 4
74 123 2
74 136 6
74 90 2
74 80 2
74 145 2
74 135 8
74 148 1
74 82 6
74 137 5
74 114 1
74 104 2
74 81 5
74 84 2
74 149 8
74 139 2
74 129 5
74 128 8
74 108 3
74 85 5
74 98 8
75 133 2
75 100 10
75 113 7
75 145 6
75 112 10
75 125 6
75 102 8
75 79 5
75 137 2
75 114 6
75 104 2
75 149 7
75 103 5
75 106 10
75 128 9
75 108 5
75 140 8
75 130 8
75 132 6
75 86 9
75 122 3
75 98 3
75 134 4
76 107 9
76 97 8
76 100 3
76 122 7
76 99 10
76 111 7
76 124 6
76 133 2
76 123 1
76 90 5
76 80 3
76 125 8
76 102 3
76 138 8
76 115 4
76 105 3
76 137 1
76 114 10
76 127 4
76 117 1
76 129 5
76 96 5
76 86 8
76 128 10
76 141 8
76 131 5
76 108 6
76 85 5
77 108 9
77 98 6
77 143 7
77 97 9
77 100 3
77 142 3
77 112 1
77 89 4
77 79 4
77 121 4
77 124 1
77 101 1
77 133 6
77 123 2
77 136 9
77 80 8
77 135 6
77 102 8
77 147 6
77 127 1
77 139 7
77 129 4
77 106 4
77 119 1
77 128 3
77 95 7
77 131 10
78 123 8
78 100 10
78 113 4
78 145 8
78 135 4
78 125 6
78 79 2
78 92 7
78 147 6
78 124 8
78 84 9
78 127 4
78 104 3
78 81 1
78 94 3
78 149 4
78 139 3
78 116 3
78 129 6
78 138 10
78 108 2
78 85 10
78 98 7
78 130 8
78 107 4
78 143 7
78 120 9
78 97 6
78 110 7
78 87 1
78 132 10
78 99 1
78 131 5
78 134 9
79 88 1
79 101 4
79 113 8
79 90 8
79 80 7
79 115 7
79 92 7
79 147 1
79 137 7
79 127 4
79 104 2
79 84 1
79 139 10
79 116 7
79 93 8
79 128 8
79 141 1
79 95 10
79 107 5
79 119 5
80 113 5
80 135 2
80 115 6
80 105 4
80 82 10
80 147 10
80 81 7
80 139 7
80 106 6
80 83 9
80 128 1
80 141 7
80 85 9
80 120 4
80 109 3
80 89 9
80 144 10
80 121 7
80 88 7
80 101 9
81 133 10
81 146 4
81 136 2
81 113 2
81 90 8
81 148 5
81 125 6
81 92 3
81 82 6
81 117 4
81 139 8
81 129 2
81 96 1
81 128 5
81 141 5
81 95 5
81 131 4
81 85 1
81 140 4
81 130 5
81 87 9
81 142 5
81 132 10
81 145 9
81 122 5
81 89 5
81 134 2
81 111 3
81 101 9
82 126 7
82 116 10
82 129 1
82 106 7
82 138 9
82 105 6
82 118 6
82 95 9
82 108 5
82 140 10
82 107 9
82 120 8
82 87 9
82 142 5
82 132 3
82 122 6
82 131 1
82 121 8
82 134 6
82 111 10
82 123 4
82 100 3
82 136 6
82 90 2
82 145 9
82 125 7
82 92 3
82 147 4
82 137 4
82 104 5
83 127 6
83 117 9
83 84 2
83 149 9
83 139 9
83 116 5
83 93 6
83 106 9
83 138 9
83 105 6
83 141 6
83 85 5
83 98 9
83 140 6
83 130 9
83 120 6
83 132 9
83 122 10
83 99 2
83 121 9
83 133 5
83 146 7
83 123 10
83 90 5
83 103 3
83 145 7
83 135 10
83 125 1
83 102 8
83 92 7
83 147 7
84 115 5
84 92 7
84 137 4
84 104 7
84 94 1
84 93 9
84 129 8
84 96 6
84 141 1
84 118 4
84 95 1
84 108 3
84 143 8
84 87 7
84 142 9
84 109 4
84 144 6
84 121 2
84 111 7
84 88 6
84 101 6
84 91 8
84 100 6
84 136 2
84 113 3
84 103 4
84 112 2
85 149 7
85 93 8
85 106 2
85 86 10
85 118 6
85 131 10
85 140 5
85 130 4
85 107 6
85 110 4
85 87 1
85 119 3
85 132 7
85 122 7
85 99 9
85 144 9
85 121 9
85 111 7
85 133 1
85 146 8
85 113 3
85 145 1
85 135 1
85 115 6
85 92 4
85 137 9
85 114 3
85 127 7
85 104 3
85 117 9
85 94 10
86 127 7
86 104 9
86 129 5
86 87 1
86 119 2
86 128 9
86 141 7
86 108 7
86 140 9
86 130 10
86 120 6
86 97 10
86 122 4
86 99 2
86 89 10
86 121 2
86 134 5
86 88 3
86 124 9
86 91 6
86 146 1
86 123 8
86 90 7
86 145 6
86 125 5
86 102 4
86 138 2
86 115 8
87 130 5
87 120 9
87 122 10
87 99 8
87 144 7
87 134 5
87 88 6
87 143 1
87 123 8
87 90 1
87 145 10
87 112 1
87 148 5
87 147 4
87 114 2
87 94 10
87 149 6
87 139 5
87 93 7
87 108 4
87 117 9
88 118 6
88 140 4
88 107 4
88 143 10
88 97 5
88 110 2
88 122 10
88 99 7
88 89 7
88 131 2
88 146 9
88 136 3
88 113 7
88 90 10
88 103 9
88 145 6
88 135 7
88 102 7
88 92 4
88 147 8
88 124 4
88 114 3
88 139 10
88 129 6
88 128 4
88 105 5
88 141 7
89 119 8
89 99 9
89 144 7
89 124 3
89 133 8
89 102 2
89 115 3
89 92 10
89 117 4
89 126 2
89 139 8
89 116 10
89 106 6
89 128 7
89 141 3
89 95 8
89 140 5
89 107 9
89 143 2
89 110 3
90 109 8
90 132 1
90 122 8
90 121 1
90 111 7
90 91 3
90 136 5
90 125 9
90 102 1
90 115 7
90 105 7
90 149 2
90 126 9
90 139 2
90 93 4
90 129 2
90 128 2
90 118 5
90 108 4
90 98 5
91 118 5
91 98 8
91 130 6
91 132 4
91 109 5
91 122 7
91 99 7
91 144 3
91 121 1
91 133 1
91 123 7
91 103 10
91 115 10
91 105 5
91 114 8
91 127 4
91 104 1
91 139 7
91 106 2
91 119 4
92 101 9
92 143 4
92 133 3
92 123 10
92 103 3
92 112 4
92 148 8
92 124 1
92 93 7
92 138 7
92 128 8
92 141 2
92 118 9
92 95 8
92 107 4
92 97 1
92 110 3
92 132 6
92 122 2
92 131 2
92 144 7
92 134 1
93 143 4
93 120 7
93 97 2
93 133 2
93 142 10
93 132 6
93 109 8
93 145 10
93 134 7
93 124 4
93 114 8
93 137 9
93 146 1
93 123 6
93 136 10
93 126 7
93 135 6
93 148 2
93 138 7
93 105 2
93 127 1
93 104 2
93 94 4
93 149 9
93 129 8
93 106 2
93 119 3
93 96 5
93 128 5
93 141 10
94 133 7
94 146 10
94 123 10
94 100 6
94 113 7
94 145 5
94 135 4
94 148 7
94 125 6
94 102 7
94 127 5
94 149 4
94 126 7
94 116 7
94 129 8
94 106 4
94 96 5
94 128 7
94 141 1
94 95 7
94 97 1
94 142 2
94 119 8
94 132 9
94 109 10
94 99 7
94 121 5
94 134 7
94 111 7
94 101 9
95 134 7
95 101 6
95 123 3
95 100 5
95 145 2
95 148 3
95 102 8
95 115 5
95 105 5
95 114 1
95 127 8
95 104 10
95 106 4
95 96 3
95 128 8
95 118 3
95 130 6
95 143 3
95 120 5
95 97 7
95 132 10
95 122 1
95 99 8
95 144 6
96 122 6
96 144 1
96 111 9
96 124 8
96 146 1
96 100 2
96 136 8
96 113 1
96 103 1
96 145 7
96 148 8
96 125 10
96 127 7
96 139 1
96 129 6
96 120 8
96 110 9
97 133 6
97 113 2
97 103 10
97 148 9
97 138 7
97 147 8
97 137 1
97 114 5
97 117 9
97 139 8
97 129 2
97 106 9
97 118 5
97 98 3
97 140 2
97 143 5
97 120 1
97 110 1
97 142 1
97 109 5
97 122 5
97 112 4
97 144 8
97 134 6
97 124 5
98 144 5
98 146 5
98 123 6
98 126 7
98 125 8
98 147 2
98 114 10
98 127 5
98 117 3
98 107 9
98 116 3
98 131 2
98 110 1
98 109 10
98 145 6
98 99 9
99 127 3
99 139 7
99 116 8
99 130 4
99 143 3
99 120 5
99 110 9
99 132 6
99 122 7
99 144 7
99 134 10
99 124 8
99 101 8
99 146 6
99 145 2
99 148 1
99 125 10
99 102 1
99 105 2
99 147 6
100 105 5
100 147 7
100 137 2
100 127 10
100 104 5
100 117 3
100 149 10
100 126 1
100 116 4
100 128 6
100 108 2
100 140 3
100 143 5
100 110 10
100 132 10
100 109 7
100 144 4
100 121 3
100 134 6
100 111 3
100 146 6
100 123 2
100 136 6
101 139 10
101 116 2
101 129 2
101 119 5
101 118 3
101 108 1
101 143 7
101 142 1
101 132 5
101 122 10
101 112 1
101 144 4
101 134 9
101 133 10
101 146 7
101 136 3
101 113 7
101 103 6
101 145 6
101 102 1
101 138 2
101 105 3
101 147 6
101 127 4
101 104 4
102 114 2
102 139 8
102 116 8
102 106 7
102 141 9
102 118 6
102 109 10
102 122 5
102 121 10
102 134 8
102 111 8
102 136 7
102 126 3
102 103 9
102 135 6
102 148 4
102 125 4
102 115 4
102 105 8
103 115 4
103 105 5
103 127 6
103 117 5
103 107 2
103 149 9
103 139 1
103 116 5
103 106 5
103 119 1
103 118 6
103 131 8
103 143 1
103 133 1
103 110 1
103 109 1
103 144 9
103 121 5
103 134 5
103 124 1
103 123 7
103 135 7
103 125 8
104 143 1
104 109 6
104 122 4
104 149 9
104 131 1
104 111 5
104 124 4
104 146 7
104 123 10
104 145 2
104 115 7
104 147 7
104 127 1
104 117 5
104 129 4
104 128 7
104 108 9
105 131 4
105 140 7
105 143 6
105 120 4
105 110 8
105 132 7
105 109 4
105 122 7
105 123 8
105 136 6
105 141 5
105 145 10
105 125 3
105 147 5
106 110 3
106 142 2
106 132 8
106 130 10
106 144 10
106 147 1
106 146 3
106 123 4
106 114 1
106 125 8
106 127 9
106 117 2
106 149 6
106 126 1
106 139 8
106 119 6
106 128 2
106 118 8
106 140 5
107 131 9
107 108 9
107 140 4
107 143 4
107 110 8
107 112 9
107 144 5
107 121 2
107 146 10
107 113 8
107 135 5
107 148 1
107 127 6
107 147 8
107 116 3
107 129 6
108 133 7
108 123 7
108 136 2
108 113 3
108 135 4
108 137 1
108 114 2
108 149 1
108 116 5
108 118 1
108 110 4
108 142 2
108 119 9
108 132 8
108 122 8
108 121 8
109 121 9
109 134 8
109 136 8
109 145 3
109 112 5
109 115 10
109 137 6
109 127 10
109 117 1
109 116 8
109 128 8
109 118 4
109 130 6
109 143 5
109 120 8
110 118 6
110 131 3
110 121 9
110 142 7
110 132 3
110 145 6
110 122 5
110 112 1
110 144 8
110 134 1
110 111 1
110 147 1
110 114 4
110 113 2
110 125 1
110 115 1
110 119 7
110 128 2
111 123 5
111 136 1
111 113 9
111 115 6
111 147 1
111 127 7
111 126 7
111 139 4
111 116 1
111 130 3
111 143 5
111 132 8
111 122 3
111 144 1
112 149 5
112 124 9
112 136 6
112 125 9
112 147 6
112 117 2
112 139 7
112 128 2
112 140 4
112 142 9
112 132 7
113 124 3
113 114 10
113 117 2
113 149 3
113 129 4
113 128 3
113 141 4
113 118 10
113 132 3
113 144 7
113 121 4
113 146 7
113 136 2
113 145 7
113 115 4
114 124 3
114 123 9
114 126 5
114 135 9
114 140 7
114 149 1
114 139 1
114 129 10
114 128 2
114 118 4
114 143 2
114 132 9
114 121 5
115 116 9
115 138 8
115 141 5
115 118 7
115 119 1
115 132 7
115 134 5
115 133 10
115 136 9
115 145 6
115 117 1
116 147 9
116 127 6
116 128 7
116 118 4
116 131 10
116 140 10
116 142 8
116 134 10
116 124 6
116 136 1
116 125 1
117 148 1
117 127 9
117 149 6
117 139 2
117 128 4
117 118 9
117 140 9
117 130 8
117 142 8
117 145 2
117 144 8
117 134 9
117 133 5
117 146 2
117 136 5
118 139 3
118 128 7
118 131 8
118 130 8
118 142 10
118 132 9
118 144 8
118 121 7
118 134 1
118 124 9
118 126 8
118 148 9
118 138 5
118 147 4
119 137 3
119 149 5
119 129 4
119 131 10
119 130 6
119 143 7
119 142 8
119 144 10
119 121 5
119 124 1
119 123 3
119 135 1
119 148 1
120 130 8
120 142 8
120 124 3
120 146 8
120 123 7
120 135 3
120 127 10
120 149 2
120 139 10
121 130 7
121 124 10
121 146 8
121 123 8
121 135 7
121 137 8
121 127 5
121 129 6
122 137 7
122 140 4
122 129 1
122 138 9
122 130 5
122 134 7
122 123 10
122 136 9
123 142 10
123 144 9
123 148 3
123 125 2
123 137 9
123 127 4
123 139 3
123 129 6
123 128 1
124 128 8
124 131 4
124 142 1
124 132 7
124 136 5
124 126 5
124 135 1
124 138 9
124 149 1
125 135 8
125 148 5
125 147 3
125 127 4
125 129 2
125 128 1
125 140 9
126 130 1
126 133 1
126 142 10
126 132 4
126 145 7
126 144 2
126 134 2
126 147 1
126 146 8
126 136 7
126 135 4
126 138 8
126 127 3
126 149 9
126 141 4
127 135 4
127 137 9
127 128 10
127 131 4
127 140 5
127 142 2
127 134 6
128 134 3
128 147 7
128 149 8
128 129 6
128 140 2
128 130 10
128 143 9
128 142 5
128 132 5
128 145 9
129 132 6
129 145 2
129 144 7
129 134 2
129 137 5
129 139 6
129 140 4
129 130 5
130 137 2
130 139 4
130 138 4
130 131 3
130 143 10
130 142 5
130 134 10
130 133 1
130 136 9
131 144 5
131 134 4
131 138 1
131 140 6
131 141 6
131 142 8
131 132 2
131 145 7
132 139 2
132 141 10
132 142 9
132 135 1
132 147 10
133 149 8
133 143 1
133 144 9
133 134 5
133 136 8
133 148 5
134 140 2
134 144 8
134 145 4
134 135 2
134 149 10
134 138 2
135 139 8
135 141 8
135 143 8
135 144 5
135 136 8
136 137 10
136 140 9
136 141 7
136 145 9
136 144 3
136 147 1
136 146 4
137 140 6
137 143 5
137 146 1
137 147 9
138 141 7
138 140 3
138 143 10
138 142 5
138 145 4
138 147 2
138 139 7
139 146 2
139 147 5
140 144 7
140 148 9
141 142 2
141 144 2
141 146 5
141 149 9
142 144 8
142 146 3
142 149 9
142 145 8
143 148 7
143 149 3
144 146 10
144 148 3
144 149 6
145 148 8
145 149 8
146 147 5
147 148 5
148 149 7
